Index       0.90393      0.37484
--------------------------------

1          0.338678   0.913906
2          3.864005   2.375782
3          7.389332   3.837658
4         10.914659   5.299534
5         14.439986   6.761410
6         17.965313   8.223286
7         21.490640   9.685162
8         25.015967  11.147038
9         28.541294  12.608914
10        32.066621  14.070790
11        35.591948  15.532666
12        39.117275  16.994542
13        42.642602  18.456418
14        46.167929  19.918294
15        49.693256  21.380170
16        53.218583  22.842046
17        56.743910  24.303922
18        60.269237  25.765798
19        63.794564  27.227674
20        67.319891  28.689550
21        70.845218  30.151426
22        74.370545  31.613302
23        77.895872  33.075178
24        81.421199  34.537054
25        84.946526  35.998930
26        88.471853  37.460806
27        91.997180  38.922682
28        95.522507  40.384558
29        99.047834  41.846434
30        102.573161 43.308310
31        106.098488 44.770186
32        109.623815 46.232062
33        113.149142 47.693938
34        116.674469 49.155814
